0 0.6329826366270471 0.532220116457838 0.04036537066694793 0.04826626093224453 56.09312255058088
1 0.7493647305516814 0.5556496957450394 0.040543233089528626 0.08490379759049435 29.22986874514394
1 0.01903674604879256 0.6336077707507035 0.03807349209758512 0.18722688957735878 13.140781552063151
1 0.41042243897824754 0.555670936586492 0.03631132870934532 0.07916559895750704 41.533903839261875
1 0.23760214383393266 0.5532056937611813 0.037088464926710224 0.0905655595999006 24.214103945648482
0 0.45733188957106063 0.5475362575455869 0.061487426344276605 0.07084660041242472 38.04973568915676
0 0.6800169895292669 0.5467429611433167 0.07051845361239349 0.05387891303922974 44.622583359944066
1 0.8401489312712578 0.526825306520052 0.01846969847604214 0.04480095122601933 77.40812490228048
0 0.9147907857179507 0.7928597383307052 0.17041842856409878 0.41584302333858947 3.9368567657024296
0 0.6077355812248993 0.5217198225221449 0.031688585007702726 0.031374564209605896 72.92142569466854
0 0.018138078988945712 0.5135746657564125 0.036276157977891424 0.15500793523331283 34.29363270808017
1 0.370576005572131 0.5460169857565573 0.032216265927734966 0.07289275397321626 48.37028904129799
0 0.616437884645584 0.524493696582681 0.033469773693183553 0.03337027121346301 67.56367875043573
1 0.9111814328181997 0.5512257338420163 0.03051229157341394 0.08880958687898559 31.426350418091932
1 0.21505512528154444 0.539782275431008 0.03534819145172274 0.06832194038034167 36.86872787470316
0 0.6995334799951471 0.5511411307614031 0.06949838681893301 0.06102805305660066 40.155882534249706
1 0.5504437609342663 0.5537000034679479 0.03427017554544154 0.0791993303164558 43.068345435307535
1 0.9508158462747954 0.5560630804097176 0.03633306367070629 0.0781887911161843 50.73799897608209
1 0.2863646430241821 0.5397069276806306 0.03914458211994323 0.07961627769657822 53.055831840004316
0 0.07988337299550098 0.8217107465389286 0.15976674599100196 0.35814100692214285 3.383212420665167
0 0.6561371822262172 0.5410249983478859 0.05877624686955407 0.048389335598252536 50.63192341113025
0 0.4728491100685381 0.5372890819573334 0.04690914995738454 0.0503935667867637 49.48991751931223
1 0.41855140050979467 0.5259958692890073 0.01508001039093075 0.0460437653497701 34.52782339689438
1 0.7864992677835697 0.5458815169508988 0.026213384119604062 0.0700037901126092 38.63167307502731
1 0.3306369946499009 0.5418655949170891 0.02523128241174136 0.07127272679273355 27.338812345069986
1 0.33132820967965415 0.5290056652227243 0.02297984553590021 0.06591507987123775 30.394763461710898
1 0.7798494134276893 0.5219974676186259 0.013465131103230377 0.039744682267405906 77.43996974351133
1 0.9787820508135908 0.5664471960153235 0.027972146980286893 0.09113939819683133 30.979897328039687
1 0.37481157490891576 0.5442683031611969 0.03387648484523987 0.06958905173802857 61.98289053617955
0 0.6241581868068269 0.5293974228520091 0.04053846158402763 0.03703474226062866 62.02215447940429
0 0.47831150551875085 0.5276988099331321 0.03426591100751134 0.03872031823442015 62.64399084269414
0 0.7092180491396536 0.5613418551099428 0.05315239540993725 0.04568997665652423 37.88734776302593
